camera_matrix:
- - 7031.895962760212
  - 0.0
  - 826.1786016291941
- - 0.0
  - 7666.366448888588
  - 393.7544934795796
- - 0.0
  - 0.0
  - 1.0
dist_coeff:
- - 0.42316276858414437
  - 210.64917304431222
  - -0.03214670219416545
  - 0.003575471425544681
  - -11539.43187110705
